#include <stdio.h>
#include <conio.h>

main()
{
int i, j;
int bros[17][12]={
  	{2,2,2,4,4,4,4,4,2,2,2,2},
		{2,2,4,4,4,4,4,4,4,4,4,2},
		{2,2,0,0,0,6,6,0,6,2,2,2},
		{2,0,6,0,6,6,6,0,6,6,6,2},
		{2,0,6,0,0,6,6,6,0,6,6,6},
		{2,0,0,6,6,6,6,0,0,0,0,2},
		{2,2,2,6,6,6,6,6,6,6,2,2},
		{2,2,4,4,1,4,4,1,4,2,2,2},
		{2,4,4,4,1,4,4,1,4,4,4,2},
		{4,4,4,4,1,1,1,1,4,4,4,4},
		{15,15,4,1,14,1,1,14,1,4,15,15},
		{15,15,15,1,1,1,1,1,1,15,15,15},
		{15,15,1,1,1,1,1,1,1,1,15,15},
		{2,2,1,1,1,2,2,1,1,1,2,2},
		{2,0,0,0,2,2,2,2,0,0,0,2},
		{0,0,0,0,2,2,2,2,0,0,0,0},
		{1,1,1,1,1,1,1,1,1,1,1,1}
		};
clrscr();
	for(i=0; i<17; i++)
	{
		for(j=0; j<12; j++)
		{
		textbackground(bros[i][j]); cprintf("  ");
		}
		printf("\n");
	}
getch();
return 0;
}
